4294967278,130
4294967278,127
4294967278,126
4294967278,125
4294967278,124
4294967278,122
4294967278,121
4294967278,119
4294967278,117
4294967278,114
4294967278,113
4294967278,111
4294967278,110
4294967278,108
4294967278,107
4294967278,106
4294967278,105
4294967278,104
4294967278,103
4294967278,102
4294967278,101
4294967278,100
4294967278,99
4294967278,98
4294967278,97
4294967278,96
4294967278,95
4294967278,94
4294967278,93
4294967278,92
4294967278,91
4294967278,90
4294967278,89
4294967278,87
4294967278,86
4294967278,85
4294967278,84
4294967278,83
4294967278,82
4294967278,81
4294967278,80
4294967278,79
4294967278,76
4294967278,73
4294967278,71
4294967278,68
4294967278,65
4294967278,62
4294967278,60
4294967278,57
4294967278,54
4294967278,52
4294967278,49
4294967278,46
4294967278,44
4294967278,42
4294967278,39
4294967278,35
4294967278,32
4294967278,29
4294967278,27
4294967278,25
4294967278,24
4294967278,21
4294967278,18
4294967278,16
4294967278,13
4294967278,8
4294967278,6
4294967279,132
4294967279,131
4294967279,130
4294967279,129
4294967279,128
4294967279,127
4294967279,125
4294967279,124
4294967279,122
4294967279,120
4294967279,116
4294967279,114
4294967279,113
4294967279,112
4294967279,111
4294967279,105
4294967279,104
4294967279,103
4294967279,98
4294967279,95
4294967279,94
4294967279,91
4294967279,89
4294967279,85
4294967279,82
4294967279,79
4294967279,77
4294967279,74
4294967279,71
4294967279,69
4294967279,66
4294967279,63
4294967279,60
4294967279,58
4294967279,55
4294967279,52
4294967279,50
4294967279,47
4294967279,44
4294967279,42
4294967279,39
4294967279,36
4294967279,33
4294967279,31
4294967279,28
4294967279,26
4294967279,25
4294967279,23
4294967279,21
4294967279,20
4294967279,19
4294967279,18
4294967279,17
4294967279,16
4294967279,15
4294967279,13
4294967279,12
4294967279,11
4294967279,10
4294967279,9
4294967279,8
4294967279,7
4294967279,6
4294967279,4
4294967294,910
4294967294,463
4294967294,415
4294967294,458
4294967294,457
4294967294,409
4294967294,896
4294967294,459
4294967294,456
4294967294,439
4294967294,403
4294967294,27
4294967294,35
4294967294,38
4294967294,111
4294967294,384
4294967294,161
4294967294,163
4294967294,453
4294967294,450
4294967294,89
4294967294,116
4294967294,388
4294967294,24
4294967294,404
4294967294,133
0,5
4294967294,7
4294967294,17
4294967294,41
4294967294,74
4294967294,40
4294967294,42
4294967294,414
4294967294,50
4294967294,455
4294967278,277
4294967278,0
4294967279,273
4294967279,260
4294967279,0
4294967279,5
4294967294,1
4294967294,5
4294501266,0
4294967294,940
4294967294,829
4294967294,935
4294967294,467
4294967294,466
4294967278,276
4294967294,939
4294967294,938
4294967294,898
4294967294,937
4294967294,128
4294967294,936
4294967278,275
4294967294,908
4294967294,465
4294967279,272
4294967293,131
4294967293,130
4294967293,129
4294967293,128
4294967293,127
4294967293,126
4294967293,125
4294967293,124
4294967293,123
4294967293,122
4294967293,121
4294967293,120
4294967293,119
4294967293,118
4294967293,117
4294967293,116
4294967293,115
4294967293,114
4294967293,113
4294967293,112
4294967293,111
4294967293,110
4294967293,109
4294967293,108
4294967293,107
4294967293,106
4294967293,105
4294967293,104
4294967293,103
4294967293,102
4294967293,101
4294967293,100
4294967293,99
4294967293,98
4294967293,97
4294967293,96
4294967293,95
4294967293,94
4294967293,93
4294967293,92
4294967293,91
4294967293,90
4294967293,89
4294967293,88
4294967293,87
4294967293,86
4294967293,85
4294967293,84
4294967293,83
4294967293,82
4294967293,81
4294967293,80
4294967293,79
4294967293,78
4294967293,77
4294967293,76
4294967293,75
4294967293,74
4294967293,73
4294967293,72
4294967293,71
4294967293,70
4294967293,69
4294967293,68
4294967293,67
4294967293,66
4294967293,65
4294967293,64
4294967293,63
4294967293,62
4294967293,61
4294967293,60
4294967293,59
4294967293,58
4294967293,57
4294967293,56
4294967293,55
4294967293,54
4294967293,53
4294967293,52
4294967293,51
4294967293,50
4294967293,49
4294967293,48
4294967293,47
4294967293,46
4294967293,45
4294967293,44
4294967293,43
4294967293,42
4294967293,41
4294967293,40
4294967293,39
4294967293,38
4294967293,37
4294967293,36
4294967293,35
4294967293,34
4294967293,33
4294967293,32
4294967293,31
4294967293,30
4294967293,29
4294967293,28
4294967293,27
4294967293,26
4294967293,25
4294967293,24
4294967293,23
4294967293,22
4294967293,21
4294967293,20
4294967293,19
4294967293,18
4294967293,17
4294967293,16
4294967293,15
4294967293,14
4294967293,13
4294967293,12
4294967293,11
4294967293,10
4294967293,9
4294967293,8
4294967293,7
4294967293,6
4294967293,5
4294967293,4
4294967293,3
4294967293,2
4294501265,0
4294501264,0
4294501263,0
4294501262,0
4294501261,0
4294501260,0
4294501259,0
4294501258,0
4294501257,0
4294967293,0
4294967294,284
4294967294,283
4294967294,282
4294967294,281
4294967294,280
4294967294,279
4294967294,278
4294967294,277
4294967294,276
4294967294,275
4294967294,274
4294967294,273
4294967294,272
4294967294,271
4294967294,270
4294967294,269
4294967294,268
4294967294,267
4294967294,266
4294967294,265
4294967294,264
4294967294,263
4294967294,262
4294967294,261
4294967294,260
4294967294,259
4294967294,258
4294967294,257
4294967294,256
4294967294,639
